Function A: ADD 134
Function B: MULTIPLY 69
Function C: RAISE TO THE POWER OF 3

6644
7599
9664
1290
9196
2751
2034
5876
5772
3837
4634
5688
4799
7008
8436
1489
1378
5682
7290
3777
5096
8636
3834
2943
1539
7285
4697
3929
5662
2615
4849
5829
6919
8534
5705
4669
7469
8762
7528
3103
2409
7429
8608
5637
1806
2752
5208
1213
7262
4215
8155
2418
5887
4484
5436
9560
3268
2803
4090
2644
1140
8386
5038
5763
1333
3110
6023
2978
4777
7211
9855
5665
4829
3887
9587
8465
4663
1422
5841
5682
2829
8641
8479
7491
6352
3492
1590
6415
8947
3722
3159
9754
1531
8432
1978
5943
7814
4021
4602
1031
9351